000516
000275
001531
006214
003413
005966
006192
001580
004586
001663
004322
006790
001204
006923
003599
000723
004193
001873
007418
002929
004449
007245
006373
001298
002949
001168
004510
000627
005126
000016
002092
005207
000523
007362
006579
002857
007118
001142
001354
001988
007170
006963
002285
000607
001624
005637
007365
000505
002559
004339
004075
003113
001871
001541
000133
002790
002033
000228
006279
004080
005483
005178
003289
001842
002662
006398
003086
003277
001882
003696
003825
002381
006509
004676
006539
000416
002705
001170
002759
003665
002986
003660
003307
005781
001351
006290
002238
001827
003999
000842
003862
007175
003579
006320
007021
000099
003770
002987
003640
001599
005772
005583
006414
005151
003876
005533
001325
005661
000957
004972
006958
004583
000946
000433
000205
002465
005654
000726
000367
002920
001910
002791
006826
003767
001883
007216
000586
006776
000083
002605
001312
006160
004952
003546
005851
000259
006967
000896
003376
001761
004539
005186
004141
004167
001399
002326
003803
000103
000975
003875
002679
004678
005348
002849
000587
003714
003720
002922
006642
002437
004304
004731
001210
000110
002421
002217
005562
007075
006174
002517
000861
000743
002088
001669
000086
006890
005438
006585
007386
001494
005089
007312
004445
005254
005804